000000000000000000000000000000000000000000000000000000000000
000000000000000000000000000000000000000000000000000000000000
000000000000000000000000000000000000000000000000000000000000
000000000000000000000000000000000000000000000000000000000000
000000000000000000000000000000000000000000000000000000000000
000000000000000000000000000000000000000000000000000000000000
000000000000000000000000000000000000000000000000000000000000
000000000000000000000000000000000000000000000000000000000000
000000000000000000000000000000000000000000000000000000000000
000000000000000000000000000000000000000000000000000000000000
000000000000000000000000000000000000000000000000000000000000
000000000000000000000022222222222222200000000002220000000000
000000000000000000000021111111111111122222222222220000000000
000000000000000022222211111111111111111111111120000000000000
000000000000000022222111111111111111111111111120000000000000
000000000000000020002111111111111111111111111122220000000000
000000000000000022222111111111111111111111111111120000000000
000000000000000021111111111111111111111111111111120000000000
000000000000000002211111111111111111111111111111120000000000
000000000000000000021111111111111111111111112222220000000000
000000000000000000002111111111111111111111120000000000000000
000000000000000022221111111111111111111111200000000000000000
000000000000000022222111111111111111111111120000000000000000
000000000000000000002111111111111111111111122200000000000000
000000000000000002222111111111111111111111111222200000000000
000000000000000021111111111111111111111111111120000000000000
000000000000000021111111111111111111111111111122220000000000
000000000000000002222111111111111111111112222222220000000000
000000000000000000000222221111111112222222000000000000000000
000000000000000000000000002222222222000000000000000000000000
000000000000000000000000000000000000000000000000000000000000
000000000000000000000000000000000000000000000000000000000000
000000000000000000000000000000000000000000000000000000000000
000000000000000000000000000000000000000000000000000000000000
000000000000000000000000000000000000000000000000000000000000
000000000000000000000000000000000000000000000000000000000000
000000000000000000000000000000000000000000000000000000000000
000000000000000000000000000000000000000000000000000000000000
000000000000000000000000000000000000000000000000000000000000
000000000000000000000000000000000000000000000000000000000000
